375296
851245
244643
378003
249127
920314
928314
206263
617590
147621
190651
304420
862134
732842
680309
649657
806646
519710
529510
796973
946044
868388
987672
725451
367974
204413
235900
385610
522565
165195
914338
218443
248604
203204
559097
399623
422129
106767
936776
652205
851248
277317
429256
352889
861827
525430
665765
306592
260192
182069
770892
119445
100310
851400
650745
437482
757523
996373
139386
392489
658667
291719
763549
205535
635884
240132
274917
322396
155765
443990
768752
569559
514879
318657
158009
424286
567669
815378
443021
316270
612327
625676
489010
993413
940642
394687
669183
451777
895509
358964
729462
923314
434280
577775
791832
346512
709222
204035
440791
694595
648355
558094
784321
231457
302890
282095
211726
717204
328567
977980
244780
763656
308045
788806
334375
593361
454209
291009
768309
474064
276295
666425
773948
223567
491066
118199
309150
434962
700372
283474
523597
946555
102690
378764
890105
152839
706457
375242
396560
172157
570135
926568
696333
477840
209827
856941
314936
384457
644471
580092
659059
946077
419036
881060
528786
737264
427423
872001
480548
212020
438129
964261
703510
749099
773725
267227
333517
987966
442747
370622
457517
639711
439487
753148
645660
786461
168476
917106
652850
405319
258549
198273
137531
454793
465839
240835
982197
305145
119127
677474
970036
571144
124679
478485
751003
749991
796833
471131
139593
283483
776032
922621
787951
293640
432834
375315
828484
246190
744459
682582
697745
925976
696618
871882
487970
193134
666049
372343
932780
588883
904116
757673
278609
749006
599792
943390
237614
841995
479106
432595
141652
978578
935654
657481
979044
967168
702876
229062
614604
974833
140121
395958
753375
513465
590494
767550
472529
129622
725533
955167
429463
845143
629251
588278
492634
469107
368196
393661
402481
569335
101321
859555
550079
577391
304703
128440
866904
355425
735067
838734
656921
619102
644071
575071
562527
731037
211906
874898
860593
770025
456036
379836
786014
523854
286694
323592
776458
932212
901918
657708
627276
483761
368498
281678
989631
291518
495587
602409
368022
933231
493313
487723
544592
746092
888307
765553
340589
675512
247652
327502
884145
852376
529239
260988
604129
637688
462532
813779
167155
193387
374736
950181
457678
989230
891576
296827
899403
440327
132853
526948
480542
304895
618597
569046
853216
899919
717667
567223
363422
248414
446569
771364
346478
175223
378791
132854
101374
156582
702522
582018
328479
694596
175419
290544
284922
854220
176226
928764
899353
706687
697357
960494
717898
968569
643541
170039
118866
669546
324055
480118
597354
747225
656578
770027
839276
132585
975448
762445
147642
697543
290919
406277
932997
107565
576884
427828
801470
585547
210643
252840
543327
526798
419995
702608
869346
538473
385465
992279
346962
885451
625307
317403
797339
545992
154348
701632
633742
484052
363668
368106
599912
697098
728542
588730
665680
234095
379246
597289
849225
366596
202455
343957
756467
878750
980086
332780
755263
850250
271610
544130
226097
557861
858931
458916
123561
282534
929338
306704
753684
566633
209282
737526
740758
491986
356618
417651
346963
248149
710969
784983
812056
531698
659833
531244
773893
846717
303158
197759
364993
721690
209554
782387
956718
153644
926118
777949
800574
990019
874116
513775
876782
841546
196967
876936
127151
753473
507112
233116
577958
196490
462715
127115
242364
520839
963694
361139
478273
433634
281102
416953
363260
449804
798404
775470
316836
889033
105688
163046
477994
943198
864433
627358
266185
945124
222548
772688
955658
196471
909262
696433
368019
751491
590635
587041
914790
209784
381843
196639
164506
247620
578436
923992
790651
707459
237825
371600
143622
875377
494509
288801
766758
402681
241734
302501
238378
344741
497293
462147
775016
239684
571748
395102
499011
760617
422883
836663
125712
716128
721215
135090
831836
621774
516460
568795
480279
877240
271150
546134
143798
936655
994968
948360
884272
806915
783239
817163
728360
897947
611900
638607
189380
566083
395133
667223
727118
862594
158493
477263
575729
134955
980167
921762
224872
529749
778297
942419
723206
361995
242524
127459
398069
724214
983349
759037
411359
809872
721606
803780
147694
554284
166264
183978
705851
338524
524748
354693
367163
300182
460665
113413
824609
879410
965574
735587
290392
125212
936517
409698
483648
780339
277388
468568
903080
823652
384145
932470
571146
252626
760836
191308
984423
302677
401380
673153
266538
258546
941959
184902
651854
175905
306401
332360
834501
398803
222130
462328
645401
668702
594666
851739
601872
187378
814027
820417
312202
625127
865398
582438
935228
864817
645861
391966
131144
827517
304067
220637
461663
243802
735659
471180
299800
464359
259051
734958
322102
972782
115347
964432
471553
161342
278099
733348
723026
494886
332447
780693
211250
981006
565910
677849
700970
999061
280974
146133
410267
443282
973757
261193
270664
778356
433054
949508
382334
892531
345288
285388
356291
294957
472587
599427
964201
544655
130980
790834
561971
642732
925253
701644
257669
160171
652410
433821
860504
727989
671715
199864
835729
488668
837665
215596
430177
281420
625666
916801
801630
171116
179575
227826
190079
813794
999314
394785
253170
564989
684801
543737
968014
294878
841874
398325
185933
930477
859945
448695
337844
247525
375622
249986
765281
415404
879061
238143
256904
353717
100011
307797
136081
909840
566380
424530
508230
971501
241153
864760
165770
866459
771966
742062
805864
875355
415928
687771
510875
551352
905184
725255
449268
426004
959405
827141
452576
739355
693542
268447
442162
796864
864777
500484
962999
252737
287233
592559
366314
378421
633660
492131
257710
221663
715511
511100
241503
284776
194004
129738
492714
315229
748352
418190
651011
967574
190143
644448
127793
965282
589808
979533
528273
845081
327852
768125
319695
103825
571369
220330
298786
383371
652216
636539
698164
899954
588050
478163
643590
549681
620287
691445
530478
467317
226853
280399
573698
342352
197074
880018
762928
655465
217555
834703
171411
189388
724766
585969
759881
280011
254018
296911
823205
892666
223180
772615
183459
654254
323384
696152
758419
736179
796750
445190
799423
478408
795550
339866
559026
800913
118638
223020
661989
213961
992499
511383
586323
300750
354865
422124
375378
416222
286135
213463
275983
610983
150160
706724
520635
810934
879243
242924
427323
534634
396921
625370
785830
594983
939620
459637
270241
363732
715926
168196
501630
509409
991227
657013
406014
321397
467642
837691
483787
204343
811952
754494
167529
411482
401642
875706
106950
270721
608900
226253
885187
958058
550017
225695
552580
602933
249092
728230
665601
706763
131751
508482
135267
942551
538563
736126
541463
851454
879709
404491
848172
939719
474006
740886
980396
737317
399452
496514
304270
350253
800589
963034
189118
960333
763512
104083
663154
457578
286255
204186
807388
476890
840108
533162
724662
847302
916946
698123
302071
477331
314990
803172
494317
902122
863839
482909
615698
472553
968927
316361
348766
160433
675814
875962
972231
906939
348481
342432
583043
929186
496450
940542
362508
100279
138450
150815
968866
246881
733043
357494
413357
390902
530107
840902
225162
831553
942682
927143
264641
877661
527582
472015
809815
660617
374830
775159
703360
773103
565964
726816
548818
374764
990656
712755
685726
894719
620199
568209
696877
929446
137230
912249
473005
775248
267954
187136
698144
226298
541459
189423
186272
388856
945339
792741
927028
189543
934382
412674
677360
121622
694927
923568
465078
922948
187015
395626
514774
553360
909558
470586
646276
200880
577060
856736
792794
100792
268671
762115
659279
380778
214262
581158
346316
724963
599503
453896
208280
286535
761836
728346
244209
322283
705290
387922
482605
797694
576422
141332
525377
563190
106162
853459
791564
500323
674236
861675
339286
668084
537340
812681
789321
431272
921020
630477
968317
260246
979259
178780
937206
547438
451200
883497
202975
228058
935951
211245
506431
595052
962186
259482
229321
906771
934613
852025
391007
724905
821005
129194
667174
125332
289358
876755
378134
888235
840498
751234
261559
575932
853115
192211
886088
300096
545216
564179
500099
177003
765887
450175
223521
402131
313978
763779
694778
523306
809242
281138
579968
886373
678134
854585
631624
927510
610869
428581
414354
968753
336706
150171
712708
845318
310646
214869
408519
748939
229842
678958
634021
618716
785620
772080
128309
784909
791243
409362
125591
124527
704066
777600
435274
650313
978583
458290
109470
176570
417016
763692
434351
262671
215454
399891
796726
500734
450797
610658
924648
512276
184525
169372
166857
720570
321087
444680
882061
350006
492674
932564
927624
188231
731096
863770
189272
155539
494790
951483
216572
783493
888288
924194
250170
196032
101242
398910
299237
820043
883809
321559
566885
987304
186634
716485
758356
209973
823278
173631
241115
932053
874767
727996
509005
865903
499962
768407
910649
732288
947328
233564
802229
580832
703401
858798
664547
289490
274998
643888
738932
247045
204470
209684
164174
972248
389444
931858
230704
684422
907541
834471
310109
504600
615995
291559
227448
217686
517376
990313
747461
438229
509840
418452
792220
594208
541300
937128
546795
488917
595397
778002
708644
561036
636628
717633
398148
874025
593585
730354
109258
793692
869217
731242
307389
341078
114731
358325
990994
784116
565638
972756
133879
707160
797629
803416
129563
354151
280391
248405
576403
244958
817081
918471
618120
152919
123831
320444
338378
968256
141657
989541
708966
361543
716481
469417
913585
916560
840178
374500
285859
404331
600006
173186
689446
475740
355631
359319
138941
351303
640252
687380
939796
367033
375139
738386
304686
120647
201010
711789
417506
685379
932636
461091
271945
546565
471942
513196
942950
578728
455808
987594
630815
376143
200689
977894
136315
551681
458884
761173
694061
551705
557382
961959
724536
523900
646369
562644
211697
878064
362228
350431
829633
997805
772495
235788
968846
944845
497590
332748
102870
591635
869320
239345
168083
549981
775532
583427
788514
209391
869018
952065
193284
209222
839780
177142
662806
895095
625227
247129
352541
114500
775858
376530
154465
481043
852709
337815
470797
545905
340159
814947
873542
493408
811813
257559
493987
370345
607765
148168
770898
912783
362110
200879
382480
742094
825044
720079
405498
770039
520565
921431
722058
860823
520443
754667
888177
597382
469620
956107
562971
858083
407973
338936
521932
449470
708763
574855
673068
197282
505358
944928
899455
791564
582587
630080
682347
380821
696241
564862
136034
182058
918893
701055
123597
681362
232026
308735
661117
394417
865912
571423
567497
495158
174206
631722
141868
231021
324171
703347
866986
563949
625554
932940
911302
143362
834310
191093
389450
944361
219787
242592
533758
942407
606987
766275
545731
926825
430705
314753
651793
118480
773822
910026
320587
792212
962992
647752
419729
627852
248411
639080
695158
356513
104558
319887
209603
489940
885549
137880
357785
708990
760664
728504
474554
818847
518947
469042
631246
162407
937019
127343
113465
273813
778027
805539
542996
961193
804347
942324
474148
929077
868417
434700
391690
435293
842159
582347
719197
219631
964507
690389
870852
257570
917394
656949
689137
466922
445995
931989
552819
959956
830903
311258
101381
726649
961924
436763
866160
796091
300656
231978
872479
355047
379771
768503
668533
718036
356193
351755
113689
741175
458663
396426
781996
777862
582392
579786
600308
720615
374869
283457
441331
246278
653215
649769
309937
451262
611630
215231
497399
130335
467042
173268
214870
360036
534013
295666
364563
818402
517939
423451
750608
484706
700074
653440
249557
473968
589663
423044
984420
504556
654593
533369
702783
555648
230726
848750
587853
614329
713500
587366
641638
905515
528065
180370
125570
173905
941297
198619
790788
985122
686290
894554
538675
728819
215189
902304
386988
165380
284409
532780
106554
959101
676130
932634
724531
292301
490754
192541
223829
308788
835790
913842
942545
800598
565100
195049
575934
766017
648257
254091
487930
551803
377773
958016
153619
163070
965216
167316
857657
786413
113832
198180
501844
298411
930775
113556
358380
354537
589230
203230
315628
345695
740142
608059
765227
950492
598626
626179
670234
284671
737952
608261
395245
668584
978609
879779
805660
460638
441193
712282
598882
176915
804079
628516
363453
164443
292109
243842
394325
140649
851229
318896
903735
988247
632796
520076
591539
418976
253435
307552
862367
229257
165612
774337
238240
855528
895903
146351
294044
250728
937816
940857
927128
275419
688461
998323
221182
429844
474669
241554
834565
181171
364633
213043
827408
805708
496555
279824
360712
469675
399512
144659
745850
939019
795218
805141
869875
174116
534983
699222
174606
242829
846169
629023
308478
886994
281009
333625
498810
753240
142382
264952
688519
159701
809284
915402
952091
575054
366516
443813
427779
392447
515809
815485
879884
875366
110628
668643
152393
689816
555032
763804
870512
863672
964968
305746
336463
460860
638569
184372
276724
935269
729812
696454
938527
791358
248840
488071
401670
764685
406430
682098
225191
655253
551812
318334
880818
874262
632330
991712
721303
262197
749633
675618
729804
388422
987441
837376
646000
417263
864080
678377
459502
487312
814383
935867
495042
117865
173518
640607
123007
383965
661869
796421
584345
855338
662596
415179
907562
705786
607071
197745
360398
727326
912366
979170
870518
896206
826435
512140
387558
693623
868344
138059
714018
259436
412420
442128
205302
471526
320822
816848
348456
938936
264377
605428
170866
653510
191451
899263
626019
929702
470501
455998
386393
525323
349869
565722
880169
213532
314480
834373
225742
460275
667590
830371
879885
894473
349178
653089
952404
193079
970239
194695
565575
195526
313901
492497
176874
705230
330516
957017
529529
636369
386477
629282
473679
736866
923156
579288
211116
858970
841750
380116
149237
974094
385806
378441
996642
171148
887111
216961
594563
643787
214075
661393
579021
753317
817792
141695
337469
258654
686278
147649
221188
845412
730371
702286
551585
977811
616449
564676
308527
423315
265093
199490
456097
280429
806703
705766
779669
409822
709232
254724
960347
906427
273170
935368
248822
998217
685269
282501
808046
241262
334078
144232
942550
637911
536613
173649
352627
753564
560781
465958
698492
966555
432061
687104
394961
564383
222039
375655
529812
667621
746789
600873
799527
135966
583939
358978
999960
694291
146824
752258
537908
543444
137947
850054
648900
345855
668844
320701
558414
656203
303003
975626
686630
271070
348044
479155
130178
176983
931929
736648
501460
111770
588938
174876
540125
583790
692008
346666
912883
193326
973981
629718
988854
861334
106296
157336
451601
584529
624866
209239
996457
310406
952596
540129
313559
300912
491692
459307
235380
501504
618961
663878
322103
244089
481120
404434
791851
705172
532153
574849
535771
297654
577841
489492
723601
375938
275773
124426
436317
897625
922852
562883
504516
820642
658817
425575
254899
559430
591871
470799
906567
821419
573123
870659
289146
868487
479838
208751
892519
634236
254932
982025
505433
983683
991699
901236
114784
940275
832210
872204
783170
312269
666145
209119
381777
603167
345155
527858
171894
634397
895563
687535
887579
509574
699365
892919
538567
639736
213654
896175
289936
458197
859454
832459
489113
253200
756619
987132
908726
915768
736784
564854
194732
391003
596282
952426
486178
514787
393157
686341
209654
326294
715895
416195
481526
842438
472861
985208
350875
754997
716641
808792
853031
522404
957832
224454
576094
895474
746322
188217
403905
866335
953741
319482
248016
906516
651990
382677
963273
766555
220015
489734
549050
454441
587184
314494
648234
335210
506219
427279
472922
466395
211812
342435
753937
389475
568764
332555
239274
352029
761573
390706
713431
256645
746018
348536
353963
350921
449972
691151
171944
198223
541850
141190
696365
482934
979139
875373
569374
585866
323042
175561
265758
243673
391969
246531
417089
804619
255856
910051
973974
627854
254616
822357
943546
687170
428703
678969
299325
406234
983491
198084
252270
453391
827141
948991
793073
355860
928128
782351
821992
450561
382583
678601
721658
850333
852145
440594
579744
293057
377647
582437
119154
233062
889187
816170
608394
280703
995596
232927
644045
101140
260779
493399
382243
376380
425712
803860
276121
647527
986061
860476
441062
853198
269878
171707
263739
133237
883882
889723
445212
814619
656357
202098
505239
982898
425454
731494
276666
306681
846531
759676
942551
527589
668746
662113
610444
252619
801256
881331
988566
921363
471544
472840
600389
369830
565772
863355
581206
143397
737277
744919
191852
197457
521301
666476
219885
752282
621162
514353
373331
714188
773011
518466
485579
315448
112341
182535
788810
577795
592463
572217
953053
768609
175412
260086
941086
686218
608499
733808
718389
385801
558094
289462
166785
331492
386993
283553
772918
426843
484291
877645
392456
351463
197732
176674
947798
841085
103283
639522
385413
566180
598218
142148
518405
558348
807509
230792
219014
446091
307939
361097
873878
581790
141881
951571
235022
864981
554640
814104
373807
498387
733905
983848
430670
787562
492279
720932
489994
347031
496395
397790
676370
457700
880315
886783
850514
489354
556111
741294
652570
659824
831172
431850
730786
181566
294355
186923
210440
124118
222461
439245
806189
100888
308021
216736
803340
937980
929465
275382
757933
559094
333988
600303
933265
552591
207866
507831
599357
351377
916356
591433
274439
634338
218955
632911
462017
302832
104121
938083
653283
528546
137936
969472
553236
481655
126255
887790
516060
742380
271131
546339
222351
964171
670332
351582
670877
722885
963663
724302
184617
496379
520940
970795
910049
526793
938593
812503
518225
558340
305143
718330
993230
375182
801617
565747
857719
332914
223641
224030
510919
612903
152036
210913
526047
594124
515965
554867
483393
502186
455055
205601
458804
206396
442653
132412
372238
873704
349624
376422
996378
133341
221724
505612
314419
369411
321156
741890
648381
107352
577710
700672
625520
236876
265332
519680
731764
765860
806477
124805
821579
754010
397980
489520
739454
164011
199730
369327
108458
736144
578556
588885
159115
974391
338033
313124
874005
598752
387933
129244
518942
985315
867288
324631
617314
891446
486602
463437
425025
559060
797276
643634
752316
707828
333332
287002
415341
293582
468081
978481
452235
775578
605498
700423
914346
397246
188833
598622
351707
645617
652205
601234
614085
560518
283807
701569
363001
596246
831236
780791
336235
759277
553492
659803
524799
802523
363851
589057
205604
657573
112760
569189
183495
829952
227260
900405
526118
519586
353942
457596
260043
838962
425390
649649
399531
449123
453317
328899
784009
433381
201780
346425
480564
522269
806207
984595
503821
773102
509593
501604
360736
785549
479959
917899
208664
454734
323458
150085
265115
675325
559726
188378
960307
843476
971205
476482
476856
836155
324326
384336
475043
930812
938413
683450
908328
845404
234379
610000
642113
211201
157684
267797
510868
102419
804116
566488
384154
638426
243061
320340
476069
515691
771055
606814
317161
360127
601515
989128
981561
953525
451156
607045
557239
146134
734387
800642
464524
765631
933872
296102
684993
386067
122501
392174
873723
683819
673668
968541
933736
218153
519110
470619
517098
978314
723309
876437
552491
737108
300255
146841
437848
838377
588445
980332
603925
101607
849232
909452
690563
861833
627572
700495
110764
351644
258586
781836
161272
277697
570738
789408
161978
870178
356685
835359
500158
360004
681869
847280
244972
342423
661637
158814
155586
262209
880628
263012
673011
695035
434048
545467
794246
705226
121351
714919
784247
108505
135245
762895
786152
998842
939064
726334
456459
737371
514341
695536
746128
891427
315186
920609
393776
818930
469787
641054
143661
627286
116942
282573
652138
451880
530667
880312
589666
211089
978127
134131
230810
749600
331764
119225
492413
112089
416467
455155
514457
149562
171174
143644
522924
637475
669151
408238
482706
479441
108382
612141
222534
341446
746684
421054
298718
464475
155702
497809
918442
194703
736911
389529
925219
433934
191254
199571
451700
675202
849399
438288
307994
648198
584694
122901
290130
353194
964667
285350
486277
607017
649842
464250
396557
318197
467519
549155
420901
923224
864790
933048
369807
305138
509304
609331
722473
994204
417457
177404
861832
844779
179486
909541
243656
952996
630929
190227
862002
452985
325792
215654
883739
758807
813992
114258
313931
916993
787589
104680
551960
657310
961601
832789
855548
994309
147319
895920
797928
815874
418084
435985
831558
804427
933087
358794
228260
585631
855486
423007
400237
725195
293457
504139
159099
332350
863668
791700
354284
548909
685202
798624
210313
382625
195008
817678
390762
802488
967310
781856
438420
234517
441504
546001
892747
145444
911713
860801
492222
119513
583774
415546
699766
177143
205528
165047
594658
933950
457572
760438
627394
299235
734904
825516
679349
693465
136617
916906
684112
844573
634376
734914
595742
760256
974584
492422
443847
587119
191776
176482
357512
398079
594752
152973
544136
712202
388212
943083
153697
815856
677466
639441
325719
848267
663912
469775
665568
864898
722124
772372
281404
787182
546490
162897
706759
441230
140735
248300
172043
239745
504178
709875
984163
218200
148464
408306
503277
469560
550895
221966
915791
378386
893367
456641
478174
209611
431920
765559
847066
226782
458647
854942
259891
286597
852656
641228
722826
736706
703423
869034
238292
275759
750952
806000
699404
751952
450909
117915
775404
912612
876393
787099
605047
532553
735779
715823
247685
747813
446846
252595
599368
467281
642802
672579
784749
490501
916721
776824
457782
586150
945828
918548
738020
291076
937672
527314
165069
275867
430951
265152
304251
139061
458351
325619
305892
912285
958318
125671
340855
388101
669121
696718
849555
368478
647852
570809
156753
695857
533430
709833
212608
560815
601967
388743
390596
938526
804748
665540
833924
535934
170009
191837
137374
940967
272763
303832
473645
866956
944420
731287
828902
778666
931064
911815
706222
954297
708037
532798
591589
380852
162382
927085
538433
987151
469038
978810
421277
852562
707965
132885
309312
687792
891259
697999
911014
374127
726250
616962
422925
433454
551005
447580
436277
450742
578149
680605
581537
951793
620955
286943
653841
792923
269035
126998
462268
850421
157161
992764
294213
400111
869345
777315
462832
477569
694107
959480
507447
291768
964921
165862
431815
987720
739838
842318
196515
756285
281904
207064
260980
365698
720745
467565
835843
697773
587832
528934
690832
187548
729805
558418
778481
460336
376112
136693
567727
172791
948834
480148
867059
163406
783852
361134
309557
169013
513033
271607
464430
612924
803774
758062
944136
644822
113995
515614
446795
586286
884071
144295
705763
753153
952733
413405
400526
430265
591494
813788
449190
201056
490680
990619
669834
356530
276792
641868
710589
566583
272546
478202
256813
503779
140832
381467
982247
155986
873151
665658
441867
103858
976102
741380
206684
496431
686926
386822
728907
659380
709101
736715
852628
904140
730566
999318
124613
807670
493199
834863
871376
425618
701098
129382
966770
429905
717042
618518
505754
885408
743866
972593
273584
349907
345090
800007
901129
119926
681083
666760
640919
450066
288873
744486
344777
121712
329306
662206
901276
901180
693255
752557
662880
565301
596410
106513
738515
867078
969995
912640
497019
628115
289043
842958
165353
261144
862740
894530
809157
328571
372939
939775
953333
767154
787173
217966
853429
178139
554892
526491
584502
437313
225627
318125
898301
818606
395779
135586
365890
734657
367495
460203
624665
279676
794276
362143
329248
832307
191039
910876
570059
388001
828203
166116
868054
161443
666571
876743
952957
346147
981179
633456
933501
185309
448022
524768
374327
811674
803217
727850
667872
439377
302677
127170
454525
931567
507312
344673
578693
533505
276757
107193
643780
650432
288991
302495
688568
687522
724308
206849
218970
806609
410758
714208
486228
622338
386536
343380
963949
682839
886250
829551
739320
722596
413606
115261
570680
226370
441222
747774
364359
164556
116309
357315
145387
741212
161570
351897
253824
223201
769628
579549
817081
339846
772306
334950
649033
413387
602929
609310
742267
726878
298014
649526
773356
310442
597255
199708
851419
614030
999204
808318
565316
109232
482319
754430
198718
892269
557779
384235
274750
787099
368047
568287
459225
583672
374404
185403
891546
258097
365978
247199
805871
809986
864506
612509
626779
191097
946160
733707
796174
995960
613741
900333
303843
707251
322003
613791
208614
778246
152424
919711
968165
880259
143995
688158
779688
952254
384713
453922
895058
136286
467641
933996
551368
242417
625674
365602
215437
534045
330894
815364
922192
240022
809200
307767
618229
349906
899449
701209
910434
242466
606954
559533
174979
952747
446234
435041
867651
944827
985602
476234
746542
871399
399630
135027
837055
866440
608870
230627
344040
352266
881420
844201
937865
132193
215908
888662
910356
479993
494326
625520
518983
465689
745622
232329
179416
894696
869077
465755
123625
396435
572408
825361
950135
111210
140862
354042
823344
342449
512763
740252
401998
793667
463314
899961
853168
540718
856616
591068
290405
450699
852587
511497
126169
291454
867067
496732
922754
884423
493559
331369
637203
477143
415721
616816
256595
176710
838682
614386
799412
492498
704532
852823
230842
920045
924223
108876
729462
383324
673122
115451
437057
218972
514635
371797
867748
182974
989694
465446
600537
454833
548364
241052
996619
468179
394226
380357
569021
835488
324339
686192
894211
307492
755783
642096
877972
128689
519911
511099
880622
295717
999680
333752
588479
455225
120605
172609
756144
886016
350608
608038
978205
815212
968105
501925
670551
464005
613281
514177
366125
886530
615526
271422
495786
721960
644078
886230
454308
237429
968423
591456
825459
309205
918530
749024
286716
313422
165241
736549
803434
328478
883392
962189
342941
925563
477996
552255
210398
905026
580685
289394
867658
386924
338690
300449
869962
288345
771330
816939
668705
154804
443683
560839
684627
194380
731056
234696
246395
204099
327292
516263
656866
685976
143414
498349
617825
142879
474288
523191
164043
642863
405926
886440
115870
460710
473266
326052
970231
896051
585800
323990
780358
121834
579784
110346
954298
377749
227917
869476
591769
604625
307273
325302
131752
168849
753529
949202
371010
357332
269263
485151
834205
614339
307288
780041
830304
268016
188927
924590
364529
551144
203556
428829
977952
510980
894331
941118
505796
529905
832884
739381
104074
615450
136566
115031
139195
954762
304795
454462
149618
519698
563561
779044
865276
478352
803069
797087
199631
250479
718483
822749
970155
614218
810301
638158
418505
680168
489770
835696
611261
311264
914445
417591
246024
194888
338124
800507
480684
713707
360560
838636
655692
164149
911587
732185
332106
285459
464257
763476
353202
522920
643138
844070
793733
939614
817724
996224
668552
969780
156457
801525
621841
430585
832725
642600
805040
440270
926974
982592
960378
649215
728157
279228
425406
471681
775474
244474
858370
234132
726287
841631
114728
560407
474673
262105
362689
459442
292742
889740
475197
208677
788356
795604
590425
379866
165748
314732
879862
796579
602350
551158
304630
932959
123421
218070
537714
428515
279520
304113
826359
626653
103451
160397
660489
649706
291459
368357
539342
818820
344658
905409
818787
815794
412312
870471
535743
257168
762694
424397
771651
629413
545800
647308
313727
687396
554214
857660
301918
155710
749210
925504
665885
484600
252012
397006
475816
242560
271579
840516
859294
576364
379861
372059
668942
259246
997907
573977
927576
170485
423915
230693
192618
771961
314666
630289
541740
249209
810878
458244
878536
367301
791217
488963
446051
761123
747246
136754
458635
949716
621267
150349
379635
380535
415007
339861
125317
630529
493451
521141
859902
366562
688911
200307
861464
851355
508475
596263
813683
310861
361554
138840
834564
778227
515651
851883
208376
920153
964984
369013
280420
719687
489874
659920
855951
746294
670057
727474
381177
253888
736078
292498
779066
908670
190004
162312
425128
716817
315483
973015
819407
715773
506889
958501
714535
837084
990146
302762
422190
174075
866804
784853
136981
533121
951137
923487
745030
226372
831616
663442
232964
592070
712430
164132
981114
629869
743734
523212
990378
772947
777285
936902
827820
115561
522116
173850
707508
325848
882335
862498
540187
609484
978173
343852
238348
291157
436793
870547
463470
613098
474584
831367
365731
302107
508897
297765
890796
285010
413262
496385
377627
676173
615865
887790
256659
894198
599194
125697
540792
528257
770193
144884
364278
456644
824370
791680
894870
972612
265094
466346
914426
756689
736136
879831
950810
666030
299566
844861
680650
280553
352145
226676
835793
620699
683931
517179
958480
699337
899072
620228
412241
975064
246997
348443
311656
426186
321014
728589
441930
305415
684061
858888
462722
965093
738887
996969
311213
894020
629537
275330
104579
371499
203176
285824
172486
647325
821859
519064
228804
338406
512641
514226
996119
251761
959692
293760
458457
116294
736727
232988
954101
884924
785140
858015
200535
519203
274415
155043
685527
429460
919490
955274
112137
498457
284214
479795
295879
394795
966416
581653
131496
610373
599565
688878
981033
845268
522159
626751
900639
259437
786856
829191
779379
344341
131479
748945
987266
232610
743822
481919
392790
329089
779528
503226
638339
644655
768017
939578
529855
642713
223467
105239
429527
876421
410112
962175
281339
541403
435329
659671
398586
820412
165352
790855
322271
435714
651446
405123
816895
888133
391896
133204
733966
236077
977311
844964
685239
326662
611076
389315
128999
490489
856802
357599
787250
249729
582577
179510
251584
696510
276331
959850
329026
701583
671080
398591
295488
946222
923186
420514
363591
793683
471330
172318
995948
165759
266191
310940
803762
716936
621356
736875
505934
736157
900285
493390
787414
754845
904980
920430
351787
962106
800704
809819
502958
434374
228461
255032
433318
909381
388719
528577
118461
261855
875605
118685
846392
886389
623510
977102
665896
318212
824953
125831
448106
671269
905672
633588
452456
609895
535064
784460
383083
523487
419123
801170
709760
706287
135371
324858
356856
357707
439135
543424
767179
437868
503208
759050
506768
650124
398679
558966
727833
361540
830196
601475
190361
374860
942086
783507
620839
646247
681065
182730
874094
165772
297908
458124
818526
530589
588038
862640
226272
115089
929375
872796
971713
186055
221374
182295
404104
136814
893818
977864
576036
605755
236642
851757
206778
937171
205674
970874
816620
742234
187936
560344
803168
782056
997812
689046
166106
735957
654218
839114
103637
562769
548924
111070
497551
208345
152610
777196
410408
712190
895072
594150
194522
948678
684486
791187
942967
290135
434081
998070
963878
309445
959397
781935
688706
521628
324544
211505
779415
976217
107069
992166
956254
784362
561401
752448
822806
181795
475238
401120
468033
641409
249499
524972
372584
721112
942669
723641
154383
998696
589835
692059
665684
899134
435536
108200
750922
988735
731237
773301
189056
694660
215249
646362
744117
382351
540761
771570
192797
266895
336549
569907
310128
455282
216414
436847
390918
849097
466879
964205
243603
931683
893250
667078
465238
689815
467138
691307
804327
412452
680891
533706
807477
561372
950232
845854
454917
314194
652901
586024
142118
309050
451669
330436
148791
541684
977967
968605
655409
152620
812102
706582
930861
464513
557607
261606
471383
886147
739945
695811
448409
376702
172681
191192
822612
466921
220309
279489
461797
116231
384396
813604
833830
294956
121197
441942
473996
518671
908577
376262
115382
988427
266320
291367
816990
720372
951645
905645
946429
338815
390094
186671
339304
509216
388474
377916
349341
436143
697793
374066
340779
427654
289807
150191
284265
900517
541103
110188
545628
780204
627046
832887
699827
838506
536634
174707
584857
666867
593310
648283
403287
711428
129136
761530
324438
984079
993991
664093
361676
363047
275169
548989
851853
218209
402335
133466
686162
828311
791452
439232
965685
629002
618882
706658
396377
877436
506171
920627
840845
832099
568388
910986
833568
377980
267754
461438
144923
267863
727315
618206
198211
734412
137066
843203
142222
704492
855290
106094
956426
522490
797915
239177
941143
500195
562788
758311
420514
109137
821811
532439
300198
724934
946421
122243
705878
320006
475257
931919
213987
861043
295713
935278
844195
930581
319500
144831
888479
552955
483372
202079
896707
877984
446668
679406
465344
695969
205477
191538
549483
828477
581012
122539
598804
732117
414211
821889
937561
477454
557836
255516
642915
161016
927800
712402
460999
355395
777756
772887
742470
470524
791818
928151
748777
120576
730678
906672
342896
444023
532583
991170
603604
887147
146676
433213
204018
975696
522058
634139
306687
117604
960583
606501
454677
704851
167497
474721
238658
282057
390785
928986
911451
195052
264627
320512
173580
578885
616969
400422
466633
959577
939317
658710
531312
373580
653200
844957
849342
670284
431948
748886
149057
189660
924509
185281
316736
617756
488870
841676
465874
527341
667360
704838
116101
825595
938391
967290
521899
557454
515475
784887
514181
106010
182211
762900
696068
600456
377665
655365
738580
233254
439381
416508
337134
473629
967222
681797
901358
799709
740373
111192
644076
462024
300289
486388
703188
736358
571074
260026
935648
261040
591400
128659
118340
580185
401673
823282
427966
611236
933915
321324
763481
791309
400643
917245
384765
381943
796711
171550
114607
232269
823006
217387
898626
684532
589221
897428
227381
144934
137908
805446
684178
194045
340921
275765
277063
860968
750978
664954
377655
223767
357812
983200
269057
526058
740008
818808
604700
429637
993651
269652
948336
743142
706740
309927
279190
976750
759022
623719
774246
550438
177912
857889
119854
541219
485598
885665
746237
591714
141621
583107
712299
660468
878176
125339
135836
452953
601149
606999
156914
299021
452588
897777
442575
722805
300537
986930
489018
452294
725515
978180
946709
965462
275945
742113
504733
818755
392754
594477
406388
951142
456684
379831
109106
235426
108249
792414
263696
616186
803228
204885
219964
791759
882913
146882
436360
543223
390293
628616
116769
978644
287511
505385
560516
594039
251063
437003
414792
968939
405650
334487
473364
253665
890173
793787
564672
498698
735414
900877
599750
177923
213414
482319
930562
815824
371243
867137
986163
948855
138158
881960
596816
882072
983173
817641
121174
223213
634880
926302
170905
579077
919037
343772
245859
151616
338571
120726
989627
172166
874815
886141
531971
123245
141283
278826
584427
320937
655022
103798
955939
193748
432747
572887
944746
594976
247110
194920
512302
286242
917553
675213
472525
855147
385748
561667
656738
979231
163902
990160
215995
768030
150087
925299
284772
685439
343840
160801
531991
601423
133275
765381
612198
793461
613810
692084
459102
905830
597866
985444
668161
102040
405916
707413
213249
204899
369783
324170
293786
216105
584885
833143
642344
433785
982479
120012
566362
760290
893623
300865
431613
293389
533146
104784
285504
369346
478928
633829
839958
553533
863424
500087
773223
208117
358712
573552
888561
874956
661336
473117
411211
171881
597797
651235
296401
583498
827412
127535
466128
161370
982458
347502
744689
475066
425052
943426
455986
265522
829251
364716
358826
400393
490555
377789
301600
462031
390885
434926
948517
500832
645654
219131
919791
242398
211537
612985
209324
685825
467750
224661
791113
480351
372981
232204
438076
522346
360271
481366
688289
129550
692254
832674
891226
463949
215428
658813
121716
857061
504721
877965
641764
714068
941932
146082
354480
977630
514416
450214
562458
453844
279099
646414
380833
862767
512922
694966
119603
962791
534600
215401
696727
890791
608071
935591
172338
717206
242765
627277
742861
432932
685673
164557
834288
187152
492765
356046
439071
455289
233196
976734
704934
966013
918222
514563
922169
781654
183166
284782
171378
727003
343952
846080
792779
529989
811436
824153
681695
232663
677106
360406
853977
857229
680750
181545
416431
911825
171829
597708
412752
593464
110010
838071
491477
690836
397131
100724
291806
930480
652496
114474
464350
952855
417693
994815
269504
508141
101129
954814
120767
582096
565859
915005
230995
679481
724563
655929
125412
395785
520713
947974
566719
169546
185675
668335
537419
255670
396946
950268
503456
134426
296851
304707
676835
346706
960014
294311
160825
614505
492211
758443
305541
123490
822892
998650
888855
149717
990448
895251
346901
335292
503136
168229
964444
240014
335972
851520
309090
967415
252825
363993
662072
920010
815320
400554
656099
725447
746631
616257
322197
706075
654813
423026
460855
283956
635014
736859
729989
364442
346495
991253
938339
737561
521283
837184
950939
423951
201928
853571
130242
920317
233736
929464
310303
964803
720799
812404
588773
287320
779355
256531
786118
581500
787518
229874
699574
422198
990610
306774
208601
474719
535739
831906
106272
216146
926660
601077
632465
651102
395566
557788
559687
813926
326718
911607
783196
324482
211581
595245
195392
709026
679216
138377
152436
762087
914702
694401
774481
138070
569188
447203
343868
564813
520563
697546
736050
858805
526975
911185
595880
274212
107955
741629
487758
143208
955233
227224
369963
968081
135215
683311
904010
683837
412676
368725
207870
310995
589550
573148
292878
981845
205224
649461
119476
356091
482593
538004
113564
758262
158604
761406
414358
139030
971220
999805
478390
371672
280365
460598
148718
473194
401879
753131
185003
444042
128086
667463
245920
678416
345257
881009
864279
365989
876649
765836
532864
255051
113511
279579
769024
820502
400841
334267
937177
439442
768409
533466
863806
395987
772846
623274
693939
806688
154554
855739
476147
886858
400811
892992
600383
334427
633168
106853
591604
218394
668564
178210
235189
144045
891988
261061
293755
672754
290357
467626
105977
816325
567016
518322
479477
578727
789797
530397
664722
704004
535680
734715
736537
927158
270497
237803
312909
772944
869435
793683
554335
750861
784997
402436
893715
500998
656256
207106
132826
778149
163387
514766
366880
763594
288460
608858
943717
266070
658873
651389
112355
869624
670960
646069
989605
714794
164475
877886
827796
473661
856071
329446
718691
401060
774127
344439
322850
585634
665853
107045
715459
850151
622222
548931
397012
720169
343194
649097
139897
138089
505387
783221
481101
941661
682396
806739
375384
972266
571546
973467
729689
560336
872747
427516
261160
607655
648037
277228
384336
394815
158884
124963
515020
824880
195382
947190
616380
383235
929535
447418
621443
107650
839055
264119
984063
241701
429152
189897
679019
416767
451904
728380
388848
466793
305378
474126
487702
960693
368188
949786
460274
952353
429557
457745
686757
952230
748721
946832
215148
493021
505711
665887
797476
361863
180920
655351
670280
373331
267809
590607
273347
174363
180921
364861
696938
739182
106331
283380
933739
255957
442323
660429
560333
145314
599877
396209
833367
173721
831344
458038
166186
863940
372343
426165
595920
761187
912239
554793
141114
943939
314861
158714
371270
433897
458780
171129
403096
369842
169282
718478
717211
495005
433836
669066
733541
293724
116226
743576
982031
824539
330631
887022
468082
352617
940525
742217
175090
688369
234704
922703
705599
813871
859340
357397
222459
756868
423658
219493
430458
521411
128584
207786
973606
306831
862521
473021
543603
853852
750419
509924
519166
535241
977926
675579
538114
504015
625358
938341
956134
889188
414152
319491
752166
236512
876891
907267
112432
626232
490838
481996
392143
460513
971231
722760
766447
101007
287214
384904
748216
854722
538273
103663
743752
193965
104991
770150
337638
917397
761314
261861
546472
881005
777292
560524
785312
188899
681137
999586
364310
580308
579699
480101
198263
860579
767471
959706
612895
258323
701371
529273
454328
129845
860855
203144
690968
417370
106806
532500
236405
388132
930359
213888
125850
906397
298007
209326
888375
674611
695316
260271
385832
964210
711227
705638
221755
819678
783205
602964
407617
372179
183323
483308
659799
504632
205279
922541
454521
135218
394955
881525
621605
629626
532558
705961
387850
499477
478438
980867
397930
581458
411044
930489
406129
589580
400553
866582
326918
502964
406601
499148
669591
165983
131935
667799
458289
815679
656538
970803
212598
248750
375191
707271
171935
119893
907847
977809
170122
419551
583935
555956
419957
774364
749052
985578
419445
460245
241261
560473
948668
685968
221701
774730
384809
217639
238057
205916
234948
799335
890182
622728
731200
631746
468662
659852
394092
727782
890238
929659
942828
718225
293502
437400
817699
240701
764989
451396
562699
114442
869957
950433
975352
604650
363027
724219
862341
881687
630988
780858
282912
578344
486392
563148
902339
253414
197297
547486
462821
933687
683801
586038
607317
639373
145456
171624
732741
480703
486094
675520
215754
367938
748862
572651
161040
485547
347769
368196
601209
143463
124497
880069
267933
735778
141930
879758
875361
496024
367654
768160
419804
563029
774437
720029
463206
245063
411966
268180
443868
514760
205100
948040
455990
643096
495404
711238
682272
181782
950982
359698
926997
557694
327967
132212
146641
650003
145369
698377
649428
993380
947791
898110
860867
341578
933227
411818
920030
683440
701390
502916
804657
821946
680707
191872
808027
185604
585875
511374
386744
990529
433816
647988
284906
130055
908741
715564
229438
775434
399179
927004
329750
492120
234074
303944
540900
758758
159624
899343
399675
809276
123283
887442
613131
465066
548089
673632
272434
798149
919620
644211
494104
598503
938982
733438
780146
641931
518582
331736
963189
525710
732280
648963
711775
493545
152949
312410
625918
244198
567131
521274
104512
152374
862232
631636
749113
396239
942967
585648
237876
610635
411891
483757
463224
849980
591989
584691
441496
727885
571427
539387
108262
883478
763679
706764
296263
145845
204633
131473
303880
539295
755661
968714
496622
720080
566821
169301
366266
269191
658155
872254
232392
576912
651217
622093
486960
963258
670117
232843
187698
646579
868420
298129
714753
791717
476373
844446
895256
945854
554991
856263
903874
219349
669170
781122
643960
232957
901744
456376
298756
102280
972663
743828
775839
699869
537533
693250
708614
996718
327962
694471
978432
245041
959007
523193
245584
267299
299182
418155
192185
582720
405796
504782
771557
913234
256976
407932
665149
884061
755292
101718
752834
235216
323199
994355
307727
601679
918911
701626
246627
813574
120656
983277
126681
127751
249310
299811
582162
839222
587575
459243
789740
817054
355631
582318
461076
675412
870481
112812
420657
117518
115839
165011
649730
665937
230773
911570
227431
621543
796642
108028
220847
105811
880673
222521
840343
875102
838568
196084
776354
342752
383158
716329
446611
517050
221022
887147
840269
675839
938805
648012
682890
609141
663252
460143
265891
835704
413329
757092
309653
482021
812912
877209
546672
916176
486856
117602
834046
270498
788289
554992
206416
122765
698760
317909
951587
123029
762920
201787
894910
946326
583695
971912
398064
811401
395266
109726
837415
933489
593048
202865
454209
925385
550427
895930
477362
383160
875037
837658
782139
464865
663458
321790
641102
475524
790587
545322
675538
415942
705963
648797
112267
226654
602569
431386
629078
212564
132779
640278
158993
788753
481039
318809
430514
467289
529151
419878
890349
789119
399935
293478
931470
162424
643524
643803
719475
955095
981971
429517
323724
664707
612312
662386
113879
206174
241288
717682
403598
941711
945538
890427
782631
784366
411476
285181
852891
830240
301737
665390
180597
846196
414500
396049
182271
132740
532802
437111
456444
262163
565958
659341
504025
670152
378346
139800
397154
682603
966339
403869
533338
444866
106373
674684
894212
526170
850386
870387
840948
793251
348491
735705
602112
634239
385485
590937
470658
457639
203253
543214
200812
108978
767500
191907
130227
334070
101409
291827
970857
606361
876998
372525
336992
253815
166232
500450
767203
282213
927531
769598
241206
542300
949199
283211
722977
622346
539778
270816
915718
335940
667574
357165
988398
485502
267643
939818
492315
995784
720287
237102
685641
740337
390751
950602
631649
847797
584015
291055
537532
462147
742929
447979
327183
974982
435054
803685
740701
345947
580369
331107
940131
994385
852759
185738
401492
126760
799488
877791
105657
961489
812939
150526
419656
594483
353917
637423
896712
430560
610470
626048
184901
532965
509349
175341
942035
469234
590574
732273
186161
599938
951673
254663
737699
743831
585486
971171
695437
571367
869937
563693
798499
877836
435595
410498
747565
299236
379980
593845
652378
261207
755697
958518
125769
131614
628812
312755
552482
281570
210577
705389
424670
785880
486121
336021
177464
967037
691746
396376
207778
676681
212528
769555
437320
991863
814674
102105
837562
182044
516682
562021
232164
453496
554323
615379
215837
171043
352885
628852
903949
400338
740309
905377
632388
119383
595857
229877
634577
295888
251932
327361
252032
659141
649845
571337
325512
282673
309246
716552
169519
538080
519404
131020
415113
173584
489694
438588
833762
313867
227398
158397
611602
450181
990413
169693
687650
979462
128576
956043
383314
925574
405547
352309
543946
515289
271192
367044
318473
384927
941977
279205
111378
827820
847252
975292
465367
480953
855993
552144
471792
427417
796427
962626
744245
536067
918904
664599
273221
958566
121026
742429
672011
978760
713314
869878
654338
908661
299287
604721
580850
593414
765883
680746
150357
895200
151619
277151
937486
377401
329430
586560
356973
135287
982506
444676
992682
500621
283781
245429
998233
795823
237778
930397
737878
763431
518257
627695
588820
320863
422805
603957
542798
424596
870947
778018
761671
916723
483757
944336
865636
617881
948603
658279
909080
415900
898534
235864
148381
571910
445108
370654
849435
237618
689627
786350
416462
152983
652804
845948
653275
808243
586429
414216
916717
409392
357869
642986
317582
613721
957114
760895
670791
687681
759798
218138
489203
164417
742930
406288
866483
847388
736818
737678
665601
760172
685681
424606
326051
753043
165250
108133
392575
430142
272049
581869
519541
323167
349854
167257
172663
479287
335365
197312
674771
700319
886142
128014
958926
510331
792550
481955
290190
763710
190564
122514
966983
533151
278936
297589
287328
183216
699928
357279
905792
311241
271095
612708
482201
623399
717736
753984
494385
503173
713190
210563
332780
456456
264377
112725
549744
684437
702468
431139
604225
241456
780275
740401
501036
407843
862358
518516
779187
147440
564136
675348
125154
237158
337720
661200
302705
366302
396485
253924
981128
963596
126003
825029
119370
512110
469106
136384
929691
980328
882262
923753
184089
421002
197220
802957
619018
843490
600128
699454
761343
910855
725814
371480
742040
341570
525146
588113
178690
270997
833729
626428
465439
392003
720567
548020
324254
918224
328856
881605
499725
643962
931140
301533
367701
100441
727476
767715
608079
183759
162700
923953
782530
761841
312821
873269
418825
286411
130306
325040
835025
408279
560481
167382
510066
583746
927295
621931
485231
924763
216104
871345
263025
954153
465482
861094
904378
856146
999738
919302
961131
117582
157830
211137
533181
290417
707202
280693
202245
405662
528406
466855
374785
509715
925257
230242
503698
623028
723018
909142
244623
915104
386994
144703
222017
961967
424588
299181
589847
555312
365135
349169
511878
550800
735350
796347
499259
645424
101884
583564
132903
467607
115693
502208
492771
326471
241812
306527
267699
780188
901779
194242
754180
318502
958710
186737
659669
350855
836963
640145
765329
857334
460400
504144
913291
266416
716737
361609
842024
858296
115091
295660
311203
600029
468788
713364
860405
659685
302391
731843
628419
707391
712750
332809
907958
928749
747103
519085
502167
334766
989324
938201
772319
732656
878392
534119
939375
767844
886191
819201
490449
215925
533452
805688
130624
159833
339315
931401
234651
151550
104131
662864
951308
627005
305720
164135
416639
233849
955003
969664
917942
789933
974615
213143
661019
818475
835043
892153
973408
273548
492208
590988
434033
365952
395743
415763
643363
985474
202399
315990
979335
759138
695121
847247
335232
104875
791606
891563
361743
657671
893244
923069
564559
169062
924576
721623
403623
860007
800745
585603
396162
714623
275567
209512
430713
481865
711684
992248
482432
241178
868597
983762
967708
121897
700489
447297
792245
559763
737343
469102
703820
947777
196448
130082
709490
322034
182570
132422
478596
592281
844518
369016
685939
432853
577757
481707
600378
274264
917262
891443
884136
490987
997410
998993
411976
155598
772612
583511
135121
971495
965491
704882
431848
810675
647949
288778
788727
414548
513828
320715
497673
830238
472646
489623
886937
436130
856041
987567
456260
688114
361066
838939
267135
753047
692799
192888
363265
332912
190165
564861
676084
478977
618408
603473
389483
547361
960100
817863
183360
837213
642714
474392
882877
890011
940070
653930
667403
486345
540687
773370
503061
445219
976582
930490
358726
244086
471334
812848
579798
202646
605303
511669
155898
688756
687109
420621
938474
176158
949078
710439
421956
122610
113127
573199
799661
252657
769427
690129
657243
408159
130401
482075
696385
628678
970587
952398
679195
236763
744541
773089
319537
652712
651248
203578
360139
199475
165958
536473
299816
465952
418149
354234
220623
932368
705086
880514
504777
491845
299478
251532
834290
442124
821525
222304
953901
971272
367939
630551
750857
522774
795598
608292
346016
307502
627844
273466
981151
629587
642808
885688
210187
278466
287180
468549
152455
849475
118900
696594
114657
156681
951742
856464
517376
778976
694752
131556
455475
695818
643704
711134
317467
721544
836789
531113
486469
157159
253717
451763
880175
418327
293178
874563
336590
445010
498741
866566
969055
360774
280416
503824
412816
176481
242545
208866
204594
713949
522047
100150
903720
212901
872347
533623
883061
953784
145303
841642
754743
534735
348190
139575
133700
704052
625035
371451
375248
644025
740633
921489
954604
673559
569847
289395
326859
997484
949218
634303
940697
417466
325736
124074
156721
520830
606846
157256
173540
577285
307922
379403
533078
983838
890583
432765
731656
503441
706336
566940
986100
594335
726172
438134
850583
741885
816544
464722
702051
777032
681904
760505
882843
396256
238999
122877
480618
701041
331715
316902
186351
512514
410705
363260
474369
923235
935508
279068
790447
911370
760177
171510
205374
116332
440373
845013
972059
733477
792867
347812
103404
766754
497883
657302
765959
974972
120410
592543
394906
735674
665761
459765
694288
752893
789342
120486
823706
512912
666963
680762
502894
109284
763287
970419
419111
679743
538591
757810
570325
830247
518405
569766
166620
885056
893303
431754
188714
985808
459706
127401
372843
937527
914906
264821
280051
615726
668788
328543
179608
413105
803376
806178
720329
181625
369270
555835
274189
986947
761067
848175
964527
236617
256021
664447
125310
540818
978545
390849
455297
526315
931285
980272
177465
648886
381265
762786
590356
717331
485497
981119
310789
428224
725101
120221
449106
849837
457934
531192
174392
558081
978425
171152
966870
833801
402293
151998
780151
217044
432957
689223
904372
929958
931655
595048
196067
473052
839287
315495
274441
579137
545688
985453
720568
316827
872364
558118
806720
113171
557939
294206
581549
661006
392558
987278
317540
215116
314258
624805
963433
927489
261640
515904
521138
393872
438497
974213
170774
415188
571388
819937
243408
298095
593997
310922
789782
636947
794910
234733
339578
187740
546384
122260
635610
205105
813702
440913
140792
748923
337763
671327
122170
667586
502890
776429
530745
640232
972531
155157
488852
703824
171257
906986
916568
520809
296487
922923
578030
872761
341161
914543
261187
881258
558862
835372
855259
130760
349064
489245
108323
209593
991578
508314
733478
780550
737319
512743
352523
457764
652212
476172
779860
724913
322244
182860
606061
210177
664668
814078
323868
387204
724975
152313
973778
296425
106517
954691
495600
907312
378883
983769
367701
631019
937409
630430
369286
457452
166465
260180
110269
258835
130775
180511
588659
134041
789189
958746
830552
250474
696984
787727
932568
275216
311788
954320
996317
524748
408815
149545
298585
535817
722393
541566
564522
647903
171689
354126
733720
226077
972411
861861
479164
654370
436418
522887
117965
263407
704299
248344
439368
700098
892370
926381
213891
442521
753719
525761
842534
653350
383719
955927
483236
466206
862524
200512
805560
965947
883060
135755
502956
611853
716627
666968
547707
136140
943162
218396
484818
423222
291983
984332
115635
686307
597181
429571
935742
778719
294773
349233
878066
800759
696695
921225
319559
817012
770688
585249
155657
138992
941892
436591
999942
683615
161247
772573
522630
366605
826810
125759
883053
974069
281085
571164
501040
292694
789670
927612
112240
391300
716542
886608
526242
302990
757403
738735
512876
968536
789690
948815
532600
612454
477161
186918
233537
285815
928352
626888
358839
186998
543693
354375
571352
296443
354012
208239
326884
500238
497435
373590
911029
392524
386360
869570
408691
839776
124171
146424
104250
424774
380416
445912
954797
364290
340136
446930
714424
580265
121376
503752
827870
697724
177545
752480
867626
108447
548482
668279
632377
628876
788461
879924
827201
102407
249585
368829
401802
793774
582133
463537
869474
728622
738586
981005
369284
517459
152116
941078
462849
114122
378182
195877
593416
348067
191819
763415
225858
405237
700890
474680
830701
371893
123261
626362
562966
261752
700043
626591
527406
425086
815725
369774
117007
175170
733510
646171
500532
382840
551516
428158
689487
742239
845840
755828
939995
685150
656135
331282
812783
100483
839691
695949
677224
231260
485981
739609
946542
749376
442620
841679
662251
986749
287348
726214
881506
458575
115727
554160
605291
750619
359329
243560
182245
514185
189858
141198
428606
670548
729280
703925
598149
449201
834967
189389
160494
365547
981385
968135
854370
670721
709719
582793
258112
577128
263855
830892
535593
149666
490304
462948
178479
502380
323192
731529
512732
243539
849641
378325
450394
650141
670708
769160
588966
944569
204961
823579
549230
247112
497777
179275
777267
270541
532206
160246
308610
283831
446689
435172
654903
642991
248780
661738
973035
470931
714195
780004
487724
853738
217466
499664
980924
612574
727371
420183
311566
496433
559154
409294
417864
278869
589755
896544
974306
157402
427759
883625
537314
359639
842620
496503
610167
870513
310167
706715
284654
115119
740558
446625
310604
504465
702622
807480
454147
521406
847715
953272
697312
867348
859529
648203
600528
960327
136054
478062
966767
115254
625965
332210
876031
823829
663712
664789
948115
527997
646608
987385
527408
438375
717223
100527
668461
241012
147958
993988
602180
595270
329843
951093
334002
948038
306158
938150
309852
944006
679663
584196
527316
794861
736885
618171
805323
375520
608805
565121
486787
797344
857228
305655
169053
534903
328764
300040
308570
204985
902253
887038
758853
990824
762416
272048
731438
632502
842616
139172
612517
694330
720958
988489
396346
632340
914274
448995
850688
648856
405394
876376
572021
315104
241072
491451
625467
735475
330649
401534
927878
121481
887912
947733
687204
128039
665258
102451
228292
449953
419529
569210
263124
779809
838701
987864
875484
808370
713638
910806
243930
504944
678899
533876
415520
383251
202934
594386
775431
152468
195210
569599
726001
539300
929588
248525
859698
795772
654734
690431
717397
771224
930412
203345
162164
500757
237560
818577
808175
128282
541220
132268
291036
361642
173218
952544
289004
860746
366995
542214
620049
877812
801749
942998
606169
203791
419256
869116
332675
212932
372020
911055
913732
510063
204273
280050
236606
711558
219260
466862
130192
912215
237409
938238
149879
872904
751718
831633
781649
552667
793491
953090
807727
666523
820976
677059
537418
791518
792143
386221
651224
791727
522813
463862
981945
796478
339113
704275
896018
411436
261610
228139
479362
827275
851357
110782
183884
688310
968158
776720
429670
372937
659594
156978
103605
510563
811850
522016
745855
940321
949483
329248
252795
977916
247617
920075
923916
712358
502274
981235
248734
209829
660713
331253
344432
841401
190321
203697
438187
380546
607454
287943
882707
685148
695965
653834
495675
779675
236063
637649
896548
979072
717140
949805
486780
544885
535874
699681
877068
115017
877246
117657
216009
558174
384581
189346
587830
263391
891762
566614
355268
706480
545969
346644
199453
697317
244990
873174
510441
765835
717182
928375
627753
509802
402190
115202
988511
530708
174348
796422
856091
727443
920395
316272
513309
551973
570739
763931
254065
558766
442428
609565
116532
560325
890410
769446
107474
173558
321926
880772
441878
161594
364610
471908
784853
520357
940716
704671
408028
531303
360731
404597
483821
771417
967128
771613
749975
687783
526436
490622
805958
428711
923315
457195
770006
658641
219145
610311
458452
117453
252494
349210
912432
479752
582283
354589
529456
808995
935702
661318
908745
462404
796451
597851
355267
582962
704674
779792
436297
271912
976862
276665
957578
172485
656630
751033
298325
443029
938512
392444
267382
494969
545443
974505
572090
310884
330601
979779
234753
865528
394895
904799
432161
962581
937792
261928
289170
231059
183372
866637
926583
519459
679035
907854
698087
899108
743905
742129
246411
280471
730996
785166
508695
754878
331859
662911
382774
773349
603974
580309
248299
624265
982522
518397
618132
892806
422024
451449
362641
776525
370190
371571
330639
870074
202455
117239
286071
966454
324369
722976
124345
527552
585861
890512
489803
418964
869155
949759
453659
954073
193260
942515
173545
665376
130292
584336
853324
837419
813428
716767
845600
159558
407691
391936
901167
217568
353055
411988
723408
290330
154189
494861
124638
767521
698931
113219
934062
995656
548672
268590
127315
949799
456983
218395
767365
495577
861856
188121
741988
608736
855629
631379
234486
368832
406304
607127
287024
440858
500514
204901
156438
753247
144088
192289
565833
333759
563780
716288
632188
812266
907296
724454
734190
496318
420428
531844
534561
900362
370573
285476
964580
808853
674574
123182
189756
245933
211531
219271
572008
709567
566715
537992
889015
785182
918782
398624
442568
402993
728835
618871
385581
984611
133986
532695
236194
665486
154141
986980
933138
603407
239777
530154
730829
120792
698704
884815
817155
958675
648424
468380
681462
651605
942791
878347
554019
472588
106837
506886
718048
248402
340358
171146
163266
874616
401481
712949
993180
610445
745976
245541
184995
175781
368106
627505
711145
594887
321053
491718
201704
343994
806380
516838
729934
596993
200727
376873
202496
800464
640844
538057
506387
220706
466212
845868
420026
904708
100459
911569
800064
976209
724111
791063
796407
821156
396932
497056
354514
286555
115991
413091
402548
110523
138209
979640
526922
799867
678293
129126
998359
712347
812250
439122
762762
684293
188124
263519
171724
394982
914502
842735
227525
901366
300793
826275
203040
588021
898069
375719
492391
203882
545589
995560
409047
344189
579382
397874
312864
699572
649122
405976
267173
653202
476004
419342
116859
147981
458180
741244
334674
985090
754245
692786
394025
152844
838329
508205
182051
137135
161985
470808
275431
872122
224951
897006
765333
276875
578116
746729
869803
837693
140167
995583
446444
386169
249533
609514
804547
276283
460779
947659
189332
175848
388357
790156
690367
198029
639901
831481
361824
540180
729702
978100
403898
193433
787269
840893
904592
590950
833331
484393
603366
831196
587932
981528
501832
408046
639942
238687
232453
776885
224994
404009
598574
997154
596746
547401
771248
201368
979214
221192
961781
176453
337886
626558
733334
136567
185612
217547
278310
396179
205229
462573
470700
224989
100269
649225
881687
281783
190755
910889
448317
937524
953446
864377
829693
923023
145548
600670
854484
757793
117282
241073
510523
785921
323259
760678
948245
799854
607557
225065
317795
267703
677020
860058
682227
320751
359255
992568
726529
752922
737003
201032
410465
408933
823054
849808
351327
449299
994457
530088
287664
358864
492246
780337
551032
146080
973178
308502
896216
600419
625678
475475
754840
208052
893218
622802
834583
405212
718762
446017
533958
335616
728480
476642
260933
344827
870796
664251
292296
792186
930309
174945
187690
162406
882376
799386
874240
114432
635947
426979
230929
994963
503715
405740
794579
952470
511119
897352
473479
200917
103744
839494
639286
844628
985754
445813
480252
929593
108385
294770
833592
338827
219586
539377
131796
622043
824346
873158
417280
306847
275354
747143
191340
511350
642733
772424
425985
720894
935564
108998
881655
655355
850468
115231
520604
863573
638972
157559
495858
843030
449831
285892
762581
878111
880058
782376
732417
649876
297099
882413
864133
393730
326633
543671
275856
209739
928098
540177
280964
712152
341833
323054
711979
387306
348328
401183
831711
206824
126404
845010
255471
473400
723248
706841
639487
595660
903394
133230
597287
919720
877004
110609
107241
802256
404737
400827
685982
440592
951679
400964
816523
993363
307087
361312
138326
832922
524969
453001
751252
558494
883977
362419
810823
485254
336063
889482
389053
575605
211260
876260
100002
903199
140747
616314
921882
724695
281733
804309
927651
401311
740440
559677
519035
283732
745766
571814
614658
788262
302856
792001
256220
585627
967801
999190
831372
730594
536930
206292
528609
207602
583342
627576
994129
655597
431217
862923
942977
832897
479159
402114
835166
188968
683780
987572
777240
684030
450366
990089
205056
907229
339688
287000
381477
465305
342938
676555
846539
572573
395781
574707
306698
805885
971796
211268
629648
891725
931297
517966
787883
457139
891997
837095
172185
440934
407363
361977
185525
215941
367160
228642
338543
421590
984688
173910
682381
859020
872675
885135
657588
659369
564853
323703
589430
561276
518066
649757
488587
152266
955837
193788
327219
654778
434852
505192
592850
576470
969058
211672
189582
243827
859313
717123
591040
426913
644679
943114
928574
756815
317600
359387
386847
267630
417890
788424
907557
364483
744249
361284
380999
178233
217664
250954
999448
383029
417538
514188
277975
784170
822371
519402
996433
697139
757801
938455
240574
947863
167003
437064
522040
928201
982446
709046
901099
807106
544986
553313
144297
637988
109192
165148
273594
677621
857878
489500
593499
410339
889425
534606
531207
862890
494951
841461
249346
627710
445726
759523
454039
303764
104240
114704
225826
200225
221870
653985
609860
449241
980953
501899
401318
207665
571424
183384
786888
467139
983206
326787
766590
484212
469113
223448
631301
945411
502908
913451
638710
979095
115266
419253
244743
580981
896571
525153
346497
864615
337760
234155
722601
913344
814779
519977
790375
763239
574632
909727
399357
142962
105809
320168
871146
406582
305109
959357
566695
743926
514786
577990
712250
881227
663092
720242
459495
740639
319947
207397
487164
882819
305892
137443
616750
771850
752806
545178
226183
701574
673417
896527
830779
986113
260299
693516
903282
258600
657016
926376
914291
523070
581964
824718
285227
434111
665744
976206
899182
930743
720588
575103
928375
358699
467723
742608
692792
323534
177066
264323
427092
784797
720465
240732
406084
413743
892506
627750
715757
298799
303698
163635
646292
970508
570156
513946
161925
610448
672340
725740
624446
684651
186574
341603
884672
238314
623024
294153
529302
109337
343437
801444
994733
978500
436589
234389
503840
749302
977339
583707
713664
437440
271187
420359
862672
714032
719603
996347
449113
201139
914745
771973
859425
893068
649931
711584
935957
910659
652005
773057
887514
918895
105516
871190
380746
408535
957715
319525
216191
377433
564726
607970
230744
610425
394651
330271
289124
753634
465790
970684
405269
207206
443440
396300
625478
458812
195821
692448
968195
579758
640918
907092
336840
345185
391518
956665
887007
961316
974923
693050
859585
474672
764953
451585
808488
234987
489511
170829
167114
535979
566366
107036
235641
397674
774844
608608
372716
126368
698852
706035
599675
446332
532625
655307
464188
393848
522768
683155
413784
554073
343443
879873
274413
520497
271842
473381
761010
484382
906596
638552
987948
571532
745029
704762
340144
237906
845307
710205
391846
698144
363091
931215
290070
239802
606392
729439
366177
260800
433814
961013
789618
847415
254890
946406
293801
186800
800805
912135
326287
535881
236860
655782
602545
922288
362224
732945
300106
575350
503878
305131
317038
380668
425851
442905
373021
990167
481103
677254
290733
259389
351984
144696
195147
970255
275994
532395
934104
107067
140251
443076
806132
605393
936833
890559
658855
525439
115387
225178
390023
859061
544668
119097
333931
486102
904627
241895
808743
405446
943633
656947
947796
554119
399017
117426
473628
238322
562165
646140
185090
522362
339345
367125
617982
710438
974412
254866
932296
426861
743476
887016
361210
591875
723399
796750
658426
371491
340370
671112
493177
305419
955241
966940
847337
932323
113220
815495
106025
758677
357875
962583
626608
227170
485115
148372
148408
362926
184668
513889
355452
326317
566018
716326
638847
909068
691638
408916
865591
277951
416256
669406
750272
365051
584077
808057
973754
685035
736935
771652
730360
398694
711349
840268
929868
493373
114649
284212
669581
869495
690055
390226
932706
270737
184212
105510
485899
206008
302534
951017
356758
996468
684165
843274
590412
168331
181602
247318
193618
512068
200518
518157
471679
935057
141094
527335
320045
184472
265072
209386
566594
250295
119117
863266
956530
834326
263261
722712
713776
218748
794166
191193
764024
386918
241199
275783
511462
605621
330827
261320
622783
193387
595043
790866
350598
458477
688735
904636
791631
561522
793243
108830
992284
369943
723861
876836
515302
231646
681003
133660
496533
163095
912352
874977
507321
585206
601044
359542
199734
953854
678040
253163
534399
886364
452804
648972
713368
565813
221341
448409
874577
845126
261196
669240
292036
500249
612896
453817
340974
331938
963679
485895
137501
659395
132654
179132
604483
303763
437939
353541
691900
388668
573974
406512
776618
836390
196347
564842
780384
790885
297276
688392
517571
692647
509752
990576
843589
539463
999989
649070
586452
193983
710010
178486
685614
355977
992100
851725
115937
993388
840485
466646
759961
517150
821739
165515
696994
921377
683949
123596
947529
319884
519826
963670
710151
848269
310154
737661
240221
965607
757608
663380
453341
954125
510962
690072
698811
714061
543707
152829
158574
111108
974477
288483
540246
905353
248617
728929
990504
483954
151656
380100
990069
824630
128453
281756
651341
363106
296080
967028
610802
996239
847523
852900
440235
351432
351384
195039
111986
756234
219534
538643
839787
431853
309554
282789
306169
617537
694754
368115
334528
741872
184574
222019
283510
651084
903823
672577
592784
109507
934001
786761
227141
424036
955343
638082
658428
525933
103458
135327
447639
738026
864609
191301
264034
806545
882274
981643
419675
557975
482384
599313
389487
565518
990043
978287
211079
329811
527696
477947
294056
927959
635597
783676
710288
339770
358868
517311
266765
141741
785110
855862
357179
447917
985290
888820
326450
135964
437439
843436
202041
679275
850684
661588
201616
256430
283120
711391
832849
364395
513391
727711
864695
646742
107347
101975
255221
810098
512348
623101
510591
947560
293481
196961
140363
890713
839132
351731
247285
965293
708818
821354
834370
378657
393190
347052
186290
656539
261559
940729
911158
957587
731426
299891
636585
349434
173857
875981
476919
861052
121912
408266
453888
143621
936790
390749
851006
892389
174957
463472
876095
666002
382186
401924
450709
349599
629668
158497
736311
943586
994126
353981
728563
822052
786093
889734
259619
777573
431593
339978
817386
790021
189274
369201
283581
221195
317327
435469
560011
894290
782815
885929
836001
513700
253051
280563
302834
592825
901701
394635
440212
427874
661687
980118
302136
802490
146508
104454
435079
966556
899012
884944
823940
693408
103963
316325
519980
790291
623392
716094
149038
808061
187900
612699
530538
650471
869090
487133
723574
438913
385030
433225
744917
183517
107326
883212
914704
844251
590341
976733
904458
758094
546399
694176
875053
205416
167131
992476
983696
709070
275624
666855
713484
411610
633752
669650
350196
546764
737284
636017
603274
248357
997664
994273
330990
332802
964190
181444
982021
119622
770428
174344
465908
828424
831276
808778
115894
763039
750735
693047
682842
651317
639867
332109
536800
399435
877560
609436
876068
945647
279645
314662
341844
129080
205479
255192
632405
471433
706560
427264
619780
872924
599222
330973
388806
303909
455448
227973
629709
163042
802365
723885
222267
673565
406352
556036
446010
244377
704935
981695
196051
378067
579003
436256
746092
457478
718615
414642
717928
505144
383703
790293
767069
155562
123320
359424
701745
938338
283791
424349
930191
708383
946116
935646
997943
365115
933814
683131
345511
399227
539521
891953
476008
607866
761867
811217
418812
620498
789906
228401
494848
104079
945020
191575
776806
615519
548565
132138
313773
822486
653646
599154
962976
848199
405086
192446
515678
286745
756432
198032
551386
247690
269869
747615
766680
353719
823680
240088
279493
817815
159526
534346
455254
984154
148688
934005
915787
561765
743564
940618
539164
203727
742752
482256
169181
609506
716881
845198
300416
420504
213180
539604
289612
882272
829682
528201
554276
279386
410612
946865
354335
405373
479170
943320
685147
562220
958644
927936
258513
182333
273721
277179
498929
260092
206299
140145
541443
889065
230546
477225
140734
395207
370439
605465
378152
687597
323401
542242
453470
529899
363661
121846
241925
199518
696609
401556
439379
627107
983637
164103
114578
462127
134517
181440
544502
474549
665062
689247
130546
865939
419675
778103
949498
754228
547686
653763
488428
649943
579165
722521
230007
857147
881364
555109
251510
846875
775208
977501
851832
535369
322235
281288
310343
435925
145426
540810
414401
143432
